77 59661545127
131 59272980868
136 59237138543
177 58943989631
186 58879835517
244 58468052408
323 57911820970
334 57834782072
371 57576445703
459 56966618736
509 56623009875
537 56431494197
597 56023285835
689 55403107473
701 55322704014
798 54677186462
848 54347384762
890 54071895392
960 53615840481
1060 52970997216
1064 52945368905
1070 52906948155
1159 52340235651
1177 52226361174
1215 51986776587
1287 51535845232
1313 51373955360
1354 51119735808
1422 50700833780
1510 50163851068
1577 49758811422
1582 49728714833
1609 49566510689
1625 49470654651
1686 49106843188
1764 48645561215
1841 48194428313
1846 48165287627
1901 47845812585
1963 47488217390
2001 47270353646
2022 47150409778
2031 47099084756
2084 46798005196
2169 46319144898
2196 46168072773
2234 45956272155
2312 45524579654
